t p_x p_y p_z o_x o_y o_z o_w j
0.00900578498840332 -0.119783108684685 -0.0449447795287552 0.107125203561071 0.230954267421272 -0.0330775827221112 0.736240674273281 0.635228832332719 0.866376926776217
0.0193130970001221 -0.119776977736884 -0.0449657996297068 0.107116400863546 0.230622553086879 -0.0329857546959978 0.736303150613874 0.635281707898872 0.865396862379411
0.0293745994567871 -0.119765293330215 -0.0449889295266312 0.107104423130903 0.230562691058669 -0.0327074191889455 0.736263426974825 0.63536386135904 0.865070174247143
0.0394272804260254 -0.119749016206033 -0.045015686004824 0.107089441387335 0.230757802057643 -0.0324854208725632 0.736200793137135 0.635376995495204 0.864906830181009
0.0492987632751465 -0.119729679844017 -0.0450411942251334 0.107075834757247 0.230633305193666 -0.0323650545128957 0.736209956448938 0.635417722295558 0.86458014204874
0.0591237545013428 -0.119708005813019 -0.0450662120053815 0.107062198277933 0.230340781186848 -0.0323291390298952 0.736323889109604 0.635393643042111 0.864090109850337
0.0695970058441162 -0.119681788126042 -0.0450946997233148 0.107045564086208 0.230195784214319 -0.0323861218701667 0.736438088739588 0.635310932924775 0.863600077651934
0.0795421600341797 -0.119652813174431 -0.0451262917215033 0.10702931756385 0.230342774413855 -0.0324026116478344 0.736394240764461 0.635307641385385 0.863600077651934
0.0894732475280762 -0.119619395658173 -0.0451598583052436 0.107010503462699 0.230426793861159 -0.0324212854456476 0.736371929439687 0.635302081260711 0.863926765784203
0.0998740196228027 -0.119577898414515 -0.045192632098859 0.106994304366886 0.230238639057616 -0.032510598619991 0.736340868575302 0.635401727514206 0.863600077651934
0.110160827636719 -0.119526185918937 -0.0452326437398255 0.106984456839919 0.230006804997001 -0.0327379384298849 0.736357093826316 0.635455212752319 0.861803292924457
0.119854927062988 -0.119470642018906 -0.045275238353234 0.106979441699529 0.230096860200148 -0.0328562059447863 0.736303845293576 0.63547820738625 0.859843164130846
0.130127906799316 -0.119406905530558 -0.0453200397280323 0.106975671819539 0.230146184401878 -0.0328580400876248 0.736304026923173 0.635460040398746 0.85657628280816
0.139819145202637 -0.119346785285464 -0.0453558246535368 0.106971279431326 0.229843936526209 -0.033032074653146 0.736439471956064 0.635403455318995 0.849389143898252
0.150142192840576 -0.119280139242722 -0.0453923609496035 0.106961609351951 0.229344499679627 -0.0333876772546995 0.736506403146901 0.635487750942417 0.832728049152556
0.16007924079895 -0.119213188790173 -0.0454301294128557 0.106942947770458 0.22913963264842 -0.0337760565071131 0.736467949012637 0.635585688034033 0.810186568026025
0.170726776123047 -0.119143260041877 -0.0454654945846694 0.106919577221633 0.22894736231992 -0.0341515411329792 0.736431553180784 0.635677076041549 0.787971775031763
0.180387020111084 -0.119082972846998 -0.045496765224849 0.106888217884839 0.228936705165362 -0.034815985753667 0.736623275957454 0.635422679388875 0.769677239624724
0.190608501434326 -0.119020827759051 -0.0455227829474511 0.106848956576119 0.229073239092573 -0.0362115668744049 0.737678668085156 0.634069677723393 0.749259231357939
0.200980186462402 -0.118955791107731 -0.0455492676569881 0.106802376082467 0.2290198954354 -0.0366559283139972 0.73742318186237 0.634360529404357 0.728514534958885
0.211205005645752 -0.118893926059841 -0.0455793385425332 0.106748476810489 0.229000748333762 -0.0362632037619018 0.735972450980534 0.636072471274466 0.698459226790178
0.220909833908081 -0.118837495342863 -0.0456072514649662 0.106696290530904 0.229101020664051 -0.0360164820304241 0.734581073166976 0.637656790364296 0.65500970519846
0.231007814407349 -0.118782282209039 -0.0456399454580319 0.106643079018307 0.229117323615176 -0.0357882097905674 0.73289545109374 0.639600432946623 0.605843141292042
0.241374015808105 -0.118730402622476 -0.0456746222877204 0.106589998760921 0.229218086841381 -0.0356523745191314 0.731064415240921 0.641664084723756 0.573174328065186
0.251187324523926 -0.118683472626697 -0.0457042945207247 0.10654429109383 0.229206436638444 -0.0358912028498262 0.729680055757994 0.643228767384132 0.570724167073172
0.261522531509399 -0.118639096960635 -0.045737842510817 0.106497380394734 0.229734871587424 -0.0360050288151069 0.728309867968297 0.64458534182584 0.577257929718543
0.271206378936768 -0.118603868852117 -0.0457676674705791 0.106457154406178 0.230652676068552 -0.0362254369709243 0.727551590236387 0.645101344195767 0.574807768726529
0.281168222427368 -0.118574044760186 -0.0457804152853535 0.106427513112297 0.230807703027772 -0.0368063483567743 0.727548508314496 0.64501648428008 0.570724167073172
0.291092872619629 -0.11855195631995 -0.0457860013611399 0.10640648143277 0.23038046487018 -0.0375666910726786 0.727673387930069 0.644984515803616 0.574644424660394
0.301263809204102 -0.118534905778157 -0.0457911704298115 0.106387975763457 0.229995986554263 -0.0383241120988217 0.727546322239051 0.645220472084697 0.58362834829778
0.31112265586853 -0.118524502548745 -0.0458025102909471 0.106370823476003 0.230411443195803 -0.0389650880613676 0.727189069402069 0.645436554665871 0.587221917752734
0.321441173553467 -0.118519486764463 -0.0458142118972003 0.106355950625836 0.231137787373107 -0.0394691626817967 0.726930534689436 0.645437453345863 0.587875294017271
0.33179235458374 -0.118521244792602 -0.0458175725389291 0.106347696831275 0.231380954604159 -0.0400226722109001 0.726891926682296 0.645359718668331 0.589998766877017
0.34155535697937 -0.118525223509003 -0.0458143842211859 0.106345282467812 0.231216839542354 -0.0402826920480931 0.726854845701054 0.645444119280904 0.591468863472225
0.351264238357544 -0.118530367147728 -0.0458101192996482 0.106345882886308 0.231119165605202 -0.040371491944372 0.726855016127299 0.645473360766132 0.590652143141554
0.361919164657593 -0.118535428918178 -0.0458041321171027 0.106345436390069 0.231153034055556 -0.0403072483140277 0.726865527657153 0.645453410622294 0.588692014347942
0.37176251411438 -0.118543922460834 -0.0458013734899759 0.106346227770511 0.231208760490221 -0.0402277710174473 0.726872519825791 0.645430534940553 0.58820198214954
0.382166862487793 -0.118550035822161 -0.0457991455596967 0.106348418346504 0.231187917098996 -0.0402347431970908 0.726875051344643 0.645434715645211 0.587875294017271
0.39200758934021 -0.11855594663424 -0.0457971655108003 0.106348621157917 0.231145989660932 -0.0402708127802017 0.726874779270701 0.645447789028562 0.588038638083405
0.40214991569519 -0.118559214632726 -0.0457969492001347 0.106347765922505 0.23108825241448 -0.0403353921311538 0.726870540742747 0.645469203555053 0.588692014347942
0.411975383758545 -0.118561331694942 -0.0457976513048392 0.106343908242749 0.231041064642825 -0.0403987956289715 0.726863978828573 0.645489519699533 0.58934539061248
0.422259092330933 -0.118564276561573 -0.0457996527169854 0.106340124866818 0.231020495406895 -0.0404371353158111 0.726856956901269 0.645502388061912 0.59048879907542
0.432106733322144 -0.118565505628448 -0.0458000400961957 0.106335722588665 0.231028538133329 -0.0404385643244361 0.726854165395725 0.645502563380069 0.591142175339957
0.442084312438965 -0.118565928619381 -0.0458018349973961 0.106331822246816 0.231065709593219 -0.0404123259813999 0.726851392169518 0.645494024341193 0.591305519406091
0.452223300933838 -0.118564696199071 -0.0458010311011641 0.106327773416489 0.23104964089154 -0.0404362129134414 0.726849529383786 0.645500377818385 0.591142175339957
0.462401866912842 -0.118564284387221 -0.0457986609024496 0.10632323485073 0.230923293219666 -0.0404934920908746 0.726872752902831 0.645515848631411 0.591795551604494
0.472375869750977 -0.118562082699067 -0.0457958204614861 0.106317594918828 0.230856749201956 -0.0405695247883931 0.726870158069056 0.645537797743102 0.593265648199702
0.482474327087402 -0.11855967218327 -0.0457962518472958 0.106310519519357 0.230934435992869 -0.0406698259083359 0.726810775694333 0.64557055994511 0.593919024464239
0.492033004760742 -0.118557322646284 -0.0457956982006874 0.106303913956146 0.231114809250557 -0.0406493802434489 0.72675965171391 0.645564854582077 0.593919024464239
0.502593994140625 -0.118554146306273 -0.0457938451320671 0.106297233526983 0.231268556856191 -0.0406539996274002 0.72670896294326 0.645566565198262 0.594082368530374
0.511956214904785 -0.118552759838915 -0.0457924624171998 0.106291655025102 0.231309773954061 -0.040699229168495 0.726680777813036 0.645580675342325 0.594409056662642
0.52243971824646 -0.118551447599139 -0.0457899364742356 0.106286559819714 0.231240711998858 -0.0407778389077155 0.72667767876581 0.645603943723869 0.594899088861045
0.532860517501831 -0.118550881850438 -0.045786987915445 0.106280492574297 0.231198014574433 -0.0408267715230909 0.726676239136569 0.645617763276518 0.595225776993314
0.542516469955444 -0.11855059196093 -0.0457826486694191 0.106276895783488 0.231092497322387 -0.0408503311187617 0.726704383531973 0.645622371889486 0.595389121059448
0.552741765975952 -0.118551943141536 -0.0457810663328969 0.106273434892593 0.231095006319277 -0.0408477259640924 0.726704857235949 0.645621105453915 0.595389121059448
0.562846422195435 -0.118555606421063 -0.0457811028473448 0.106267662451668 0.23119902239183 -0.0408937802660781 0.726732656419159 0.64554965484815 0.595389121059448
0.573149919509888 -0.118559263585571 -0.0457801328733337 0.106262318684526 0.231282933478743 -0.0408900605544986 0.726705900579135 0.645549952902783 0.595715809191716
0.583159446716309 -0.118562920847543 -0.0457791628505043 0.106256974787071 0.231340480178475 -0.0409160208444838 0.726677472809817 0.645559688936495 0.594899088861045
0.592934846878052 -0.118567250661146 -0.0457789131327457 0.106250174780662 0.231481936212834 -0.0409382686528596 0.726622282393491 0.645569694220645 0.592122239736762
0.603288412094116 -0.118570424868242 -0.045776716140104 0.106239810327192 0.231628866472861 -0.0408694094719125 0.726598641634849 0.645547963795338 0.589508734678614
0.613339900970459 -0.118572026254522 -0.0457736430128171 0.106230343604481 0.231722809902773 -0.0408552795167975 0.726573763003033 0.645543145283086 0.586895229620465
0.623774290084839 -0.118573500812031 -0.0457696742714764 0.106219374512483 0.231764481714089 -0.0408145924934258 0.726576151926213 0.645528070270761 0.583791692363914
0.633757591247559 -0.118571649092341 -0.0457669059779199 0.106208790260807 0.231708483141551 -0.0408894007696574 0.726571175139799 0.64554904012082 0.581014843239631
0.643484592437744 -0.1185681648621 -0.0457642456862531 0.106198633474257 0.231602261422579 -0.0410209470420097 0.726563313749511 0.645587659052629 0.57791130598308
0.653969049453735 -0.118562847676188 -0.0457619402903091 0.106186917278875 0.231503816895256 -0.0411492950198442 0.726554735764257 0.645624452929742 0.572847639932917
0.663895845413208 -0.1185541446593 -0.045761818638788 0.106175114748913 0.231389547052152 -0.0413061303807777 0.726542118255042 0.645669599338116 0.567293941684352
0.673682928085327 -0.118544640968839 -0.0457641081653087 0.10616338343267 0.231324588718145 -0.0414850939220707 0.726584025876808 0.645634242413852 0.561576899369652
0.683890104293823 -0.118532513006797 -0.0457698579145704 0.106151598021065 0.231279392598423 -0.0415900577566869 0.726567005960887 0.645662834228618 0.556676577385624
0.693938493728638 -0.118518368008895 -0.0457779076276286 0.106137269204723 0.231335546977545 -0.0415293615708931 0.726496666143059 0.645725770676016 0.549162750343447
0.703827142715454 -0.118503970370044 -0.045788191259929 0.106120050629053 0.231314450188838 -0.0416385624317776 0.726471215905192 0.6457549285245 0.536095225052705
0.71424412727356 -0.118486008400941 -0.0458036080936988 0.10610132775852 0.230811023700174 -0.0423162712376911 0.726405868860636 0.645964486803912 0.522210979431291
0.723686218261719 -0.118467944194553 -0.0458226903189287 0.106082662661367 0.230110841577666 -0.0431622070531443 0.726266127582247 0.646315353676058 0.510123518537354
0.73401665687561 -0.118442568703726 -0.0458594172743505 0.106053039525828 0.230398641975359 -0.0436908285922612 0.725830412361658 0.646666675934161 0.498689433907955
0.744473457336426 -0.118409382713091 -0.0459011225605789 0.106020272387494 0.230837234759218 -0.0439787455037838 0.725511281030734 0.646848840216766 0.490522230601241
0.754443168640137 -0.118371926421709 -0.0459340780572217 0.105994148828788 0.23032900143381 -0.0441297103122959 0.72540191880478 0.647142315074977 0.487745381476958
0.764437198638916 -0.118327480518004 -0.045966212450591 0.105972764307477 0.229333381246158 -0.0440559039111999 0.725538962651959 0.647347272528966 0.487418693344689
0.774358749389648 -0.118274183436306 -0.046014027632999 0.105948732975784 0.229397698847149 -0.0437803155009844 0.725473000054641 0.647417103519814 0.488562101807629
0.784472942352295 -0.118201773433683 -0.0460851644219391 0.105927862327251 0.230121953885363 -0.0435730969993746 0.725400671535579 0.647255079001778 0.490358886535106
0.794034242630005 -0.118112470210259 -0.0461712131481965 0.105925742842493 0.231087284423336 -0.0433935600060112 0.725157405982843 0.647195799179883 0.49166563906418
0.805088043212891 -0.117988410111282 -0.0462811630553156 0.10593982056573 0.231856141867364 -0.0433427783338549 0.724938127570393 0.647169872784122 0.491992327196449
0.814281463623047 -0.117865543983976 -0.0463885994048225 0.105966141532462 0.232509425244019 -0.0432993674939309 0.724752532350618 0.64714627310886 0.492319015328718
0.824918031692505 -0.117713280047098 -0.046512065526612 0.106002193612673 0.232892531092858 -0.0433447112214726 0.72471016534868 0.647052919945948 0.493135735659389
0.835038661956787 -0.117566788243454 -0.046638368468338 0.10601899600298 0.233687542265526 -0.0435192821051827 0.724720887358364 0.64674248360646 0.493299079725523
0.844812393188477 -0.117419359574178 -0.0467681843684927 0.106028433590894 0.234847293400628 -0.0436002832139615 0.724483495120188 0.646582886708656 0.493299079725523
0.854838371276855 -0.117260499612526 -0.0469052606449029 0.10603412140378 0.235869210406613 -0.043639648458147 0.724230591708507 0.64649156738364 0.493299079725523
0.86489725112915 -0.117095410802365 -0.0470379000548017 0.106036555528754 0.236776050809269 -0.0435607601518454 0.723982024773595 0.646443802463049 0.493299079725523
0.875079870223999 -0.11691113214373 -0.0471723742431498 0.106050582614787 0.237329146779618 -0.0434611077120919 0.723784119043629 0.646469301069691 0.493462423791658
0.884692907333374 -0.116724038303255 -0.0473050619138292 0.106070055715469 0.238015509042049 -0.043497385146078 0.723649667210276 0.646365031609357 0.493299079725523
0.895008087158203 -0.116513964540545 -0.0474550830491174 0.106088110698688 0.239150519366289 -0.043568465077937 0.723591587281283 0.646006217271429 0.493299079725523
0.905283451080322 -0.116290255843167 -0.0476107026324367 0.106115399632326 0.240299822023287 -0.0437138000377297 0.723501553924762 0.645670659617032 0.493462423791658
0.915074348449707 -0.116065891531453 -0.0477640747231681 0.106147999537476 0.241174180693847 -0.0437040544513053 0.72324251773919 0.645635524677389 0.495095864453
0.925554752349854 -0.115815499471447 -0.0479302694540186 0.106183644090533 0.242012357156019 -0.0438389401971457 0.723105638034674 0.645466035162693 0.496402616982075
0.935754537582397 -0.115566956113228 -0.0480972220941829 0.106221852952345 0.242929884790303 -0.0441000516211153 0.723052014372852 0.645163576958701 0.494605832254598
0.945524215698242 -0.115325516730765 -0.0482611161422687 0.106256353824018 0.244024359733818 -0.0444063148705069 0.722918304366705 0.644879303643472 0.489542166204435
0.955578327178955 -0.115060662376491 -0.0484355271255842 0.10629864547067 0.244903302875213 -0.0446280980038251 0.722573337704357 0.644917418549195 0.481538306963855
0.965559720993042 -0.1147875521712 -0.0486047885924193 0.106353753781832 0.245455678377293 -0.0449834363048561 0.722370421460388 0.644910051565093 0.470430910466724
0.975854873657227 -0.114498676409623 -0.0487831154141072 0.106419918556404 0.245644249484156 -0.0452127037321951 0.721701778354378 0.645570489750514 0.457853417374385
0.985712289810181 -0.114211456166284 -0.0489601231788947 0.106491313969253 0.24573416258103 -0.0453680417965425 0.72061128310016 0.646742484141013 0.447236053075657
0.995964527130127 -0.113916705892702 -0.0491486856235098 0.10656173165135 0.246268862253462 -0.0461614166020606 0.720004652327622 0.647158459519967 0.439558881967345
1.00632977485657 -0.113624660869519 -0.0493262943280999 0.10663333677585 0.246426604328336 -0.0471517898649073 0.719934031941239 0.647105576428277 0.433841839652646
1.01615357398987 -0.11334675830728 -0.0494892812575869 0.106704845112215 0.24612837031334 -0.047960548236888 0.719847163737419 0.647256264549761 0.42943154986702
1.02627658843994 -0.113064105976885 -0.0496582006751077 0.10678721762344 0.245595410996732 -0.0485565704918816 0.719277257740662 0.648047359424052 0.422407755023246
1.03631639480591 -0.112785035995187 -0.0498315094506973 0.106879092223657 0.244904462119273 -0.0487018625460483 0.718123714571394 0.649575448726935 0.409666917864772
1.04632210731506 -0.112503590435692 -0.0500028597776904 0.106978598936612 0.244507578012811 -0.0495506155752104 0.717723311004399 0.650103091541111 0.390555662127062
1.05624175071716 -0.112226975088774 -0.0501728075778469 0.107084181237529 0.244115234631689 -0.0507092886669991 0.717682975931596 0.650205710772806 0.367850836934397
1.06659197807312 -0.111946765728782 -0.0503495050947579 0.107196118065117 0.244004707026287 -0.0511366513196524 0.716851479385314 0.651130326696519 0.345799388006269
1.0766863822937 -0.111671693127747 -0.0505314872088666 0.107309938430368 0.244722463259532 -0.0513332100120207 0.715730055653868 0.652078450004107 0.32864826106217
1.08641886711121 -0.111407819384891 -0.0507050298107739 0.107431203921056 0.24535547596454 -0.0520970777070821 0.715306024098929 0.652245258163199 0.321297778086127
1.09621596336365 -0.11115468847791 -0.0508605016709287 0.107560317723881 0.245216486388418 -0.0528658757061633 0.715233549965113 0.652315140858651 0.322114498416799
1.10673403739929 -0.110891065468553 -0.0510186797906343 0.107704475083025 0.245135444554077 -0.0527945228290461 0.714411442845519 0.653251592048509 0.327831540731498
1.11642336845398 -0.110652423115288 -0.0511676450962881 0.107839663082316 0.245532874697231 -0.0526432255450288 0.713609254609123 0.653990925000754 0.338122216897958
1.12628746032715 -0.110416739702271 -0.0513134628659108 0.107985814082617 0.245806257239568 -0.0533601878437046 0.713484267944465 0.653966492758544 0.356743440437266
1.1371898651123 -0.110159017129777 -0.0514664183625547 0.10816564496688 0.245349711609813 -0.0548660174265158 0.713710823806287 0.653766089000099 0.373731223315231
1.14668655395508 -0.109942016278315 -0.0515978175987408 0.108321480477691 0.245305252551241 -0.0559326377153636 0.713550913444087 0.653866933735055 0.38287849101875
1.15695405006409 -0.109706505318691 -0.0517456725587746 0.108493782099609 0.246066802838902 -0.0564484455772778 0.712912513110962 0.654232718673075 0.387615468936645
1.16701626777649 -0.10948288301113 -0.0518748906550861 0.108670219298318 0.246055082109014 -0.0563051849439167 0.711748016381351 0.655516120239594 0.392189102788404
1.17730402946472 -0.10925937880727 -0.0520019124546005 0.108849574469696 0.246083906406562 -0.0558947856798058 0.71034430366815 0.657061225600557 0.397089424772433
1.18754363059998 -0.109037367492238 -0.052122094317407 0.109044072877616 0.24601529443599 -0.0559930077048066 0.709673055427894 0.657803475508742 0.398069489169238
1.19781565666199 -0.108823461091482 -0.0522328308593541 0.1092407006533 0.245623686272086 -0.0570668883241745 0.709957373897071 0.657550684166842 0.39659939257403
1.20784735679626 -0.108617791239305 -0.0523350341955042 0.109435627388483 0.244759200613839 -0.0581017040429043 0.710011916745917 0.657723501010093 0.398232833235373
1.21781206130981 -0.108411110949066 -0.0524426786768736 0.109632627683698 0.243800928466902 -0.0583607321185921 0.708925147776449 0.659227022409882 0.403949875550073
1.22756218910217 -0.108211863754783 -0.0525547354174452 0.109821264537722 0.24342904618441 -0.0592191945546213 0.708203337224266 0.660063193652292 0.409993605997041
1.23761534690857 -0.10800905550353 -0.0526750429391092 0.110015584385396 0.243218475449767 -0.0607329391178487 0.707894104737624 0.660334930004249 0.409666917864772
1.24768614768982 -0.107813115089304 -0.0528006985472089 0.110205948486821 0.243814158340435 -0.0622519862620756 0.707702829551878 0.660178802631103 0.40345984335167
1.25790286064148 -0.107622044696179 -0.0529314325631453 0.110392491681127 0.244608720634749 -0.0633802931604585 0.707183549016082 0.660333961135836 0.398722865433776
1.26818561553955 -0.107430266760805 -0.0530685299353173 0.110580705002929 0.245288227319813 -0.063650792993856 0.705729708308147 0.661610036880377 0.395946016309493
1.27730560302734 -0.107264212135831 -0.0531854571626222 0.110749531531308 0.245124447969194 -0.0643377982372568 0.704819633978661 0.662573721395564 0.389902285862525
1.28817176818848 -0.107077335623287 -0.05331652083995 0.110948120177614 0.244106825203652 -0.0661676101596555 0.704647100555569 0.662952614395165 0.381735082555811
1.29795050621033 -0.106915205094442 -0.0534390532949835 0.11112286174855 0.243176489794905 -0.0680525636105001 0.704665991055584 0.663083617990008 0.375528008042708
1.3080039024353 -0.10675358405631 -0.0535826475570539 0.111295098150781 0.243148539015205 -0.0692158435276594 0.703652407040322 0.664049128488162 0.374057911447499
1.31796813011169 -0.106593458408013 -0.0537374875043761 0.111459438738284 0.24342309098304 -0.0700715785850955 0.702065119053444 0.665537182476929 0.377488136836319
1.3278124332428 -0.106439392771402 -0.0538905090241396 0.11162239506378 0.243325791021145 -0.0711424041571229 0.700595362776155 0.66700633835911 0.381081706291273
1.33800005912781 -0.106288557726724 -0.0540480218243564 0.111791227371142 0.24283579118786 -0.0726729210016368 0.699480690400771 0.668188737429566 0.385328652010765
1.34822845458984 -0.106148741638099 -0.0542012070138243 0.1119587465859 0.242140090647844 -0.0747401477439623 0.699045377399329 0.668668563006289 0.39316916718521
1.35801720619202 -0.106019085199284 -0.0543453578202173 0.112115672980605 0.241555898505113 -0.0768123531394077 0.698903388414417 0.668793438937181 0.40117302642579
1.36845064163208 -0.105883599960684 -0.0544981616700773 0.112281485265675 0.241238335295534 -0.0784025100499233 0.698536939247517 0.669106311813318 0.407543445005027
1.37841391563416 -0.105757292808212 -0.0546412694400578 0.11244343887491 0.24098885232874 -0.0796613522318871 0.698209979576076 0.66938872595394 0.412607111055189
1.38846445083618 -0.105640868115482 -0.054776804812941 0.112608354400089 0.240764585232851 -0.0806257518055664 0.698008783370006 0.669563769167482 0.416854056774681
1.39863514900208 -0.105534998955681 -0.0549068126045484 0.112772156692699 0.240559331008993 -0.0812508212244766 0.697699499980261 0.669884258691117 0.419630905898963
1.40863609313965 -0.105437028299807 -0.0550306603729796 0.112931024403265 0.240419094913515 -0.0811378639481468 0.696676397866415 0.671012147796726 0.421101002494172
1.41854572296143 -0.105343900706971 -0.055148271029975 0.113087977265757 0.240122463389568 -0.0816047485664562 0.69612758360591 0.671631040773227 0.424531227882992
1.42870855331421 -0.105253765033559 -0.0552627400669184 0.113254319229018 0.239446145731889 -0.0823652830056602 0.695404156224674 0.672528484865132 0.431228334594497
1.43872404098511 -0.105166578474767 -0.0553802426875162 0.113423169770173 0.239101944902962 -0.0829604594515312 0.694111753374508 0.673911489691768 0.438252129438271
1.4488205909729 -0.105081595306624 -0.0554960447375268 0.113596385035457 0.239102954864172 -0.0840786842472187 0.693394963953302 0.674510174715458 0.443805827686837
1.45867371559143 -0.10499750015774 -0.0555989758850015 0.113776808794987 0.238751728234655 -0.0854808249120908 0.693279621868925 0.674576909431826 0.447889429340194
1.46919727325439 -0.104912591263755 -0.0557035388175909 0.113973895041298 0.238083738433446 -0.0867276009998884 0.693178957577725 0.674757281909442 0.453116439456491
1.47841906547546 -0.10484424074495 -0.0557882963626594 0.114147668183917 0.237341383419591 -0.0876408456499344 0.693091745995052 0.674990356615389 0.461610330895473
1.48922562599182 -0.104765270717735 -0.0558910117683506 0.114354129735937 0.23662627734961 -0.0886890416511718 0.692838541298651 0.675364356810322 0.469450846069919
1.49929070472717 -0.104691857932402 -0.0559920020765173 0.114551475144495 0.236518566182192 -0.0893541573580782 0.692546633672659 0.675613767327617 0.470920942665127
1.50929093360901 -0.104617006400525 -0.0560939100795548 0.114756162752816 0.236457307188703 -0.0893624158925896 0.69194554916425 0.676249700550537 0.471247630797396
1.51923942565918 -0.104543810046534 -0.0561982210499171 0.114962790697095 0.236254669730505 -0.0889978059742439 0.690964640660414 0.677370642203606 0.472391039260336
1.52963614463806 -0.104469530550381 -0.0563106571645742 0.115182479058551 0.23629861051536 -0.0892089332740768 0.6905742976829 0.677725513960025 0.472881071458738
1.53959965705872 -0.104403720299338 -0.0564224680851167 0.115389582908884 0.236663534760346 -0.0895613202030808 0.69043538358951 0.677693236151746 0.473044415524873
1.549556016922 -0.104336878168981 -0.0565364288802604 0.115603740480184 0.236389316340975 -0.0893663292668206 0.689482794696865 0.678783637199823 0.474677856186215
1.55924034118652 -0.104264423339217 -0.056651319870992 0.115825495972058 0.235601257051416 -0.0897484110729746 0.688873702786488 0.679625111362803 0.477454705310498
1.5698869228363 -0.10417692998114 -0.056785827567565 0.116080766055497 0.235060577196703 -0.0907134431796788 0.68867651173264 0.679884003681659 0.48055824256705
1.5794517993927 -0.104099361343196 -0.0569167866616841 0.116309546407406 0.235566848747695 -0.0916337038740474 0.688556592446241 0.679706806707293 0.482681715426795
1.58948159217834 -0.104018645095941 -0.0570536083557767 0.11655260738072 0.235801372425602 -0.0923743513019272 0.688272202311947 0.679813259291412 0.483498435757467
1.5999653339386 -0.103934021150718 -0.0571882974945024 0.116808069806642 0.235380268707636 -0.0929943221569014 0.687935322292385 0.680215537526284 0.483825123889735
1.61016035079956 -0.103856616427173 -0.057330944740097 0.117048767250246 0.235805152602339 -0.0928306928863516 0.686794633347918 0.681242632304325 0.484315156088138
1.62029790878296 -0.103780922349085 -0.0574671225070162 0.117295871173802 0.235661246897768 -0.0929066551757501 0.685653158465361 0.682430858344725 0.486438628947884
1.6302855014801 -0.103706045622148 -0.0575939046648739 0.117535702694934 0.23500060189989 -0.0931796585417397 0.684422889437594 0.683854938385788 0.488072069609226
1.64062809944153 -0.103629176302201 -0.057723290282237 0.117783334966889 0.234314952600349 -0.0942862919420206 0.683845365978387 0.684515970280903 0.489052134006032
1.65042901039124 -0.103560915641348 -0.0578470200397544 0.118022435678151 0.234030871370864 -0.0952906735061186 0.68308079548199 0.685237087168986 0.489868854336704
1.66011762619019 -0.103497595682962 -0.0579768112386526 0.118245941791726 0.234009569461533 -0.0959355376454157 0.681686427306543 0.68654170218797 0.491338950931912
1.67076349258423 -0.103432982960713 -0.058111668670033 0.118490637789839 0.233660249523676 -0.0965175642756836 0.679813110560789 0.688434007213826 0.493135735659389
1.68090295791626 -0.103374695497024 -0.058236784097979 0.118723989962066 0.233226374294627 -0.0976793375704592 0.678743697117891 0.689471681048552 0.495422552585269
1.69104027748108 -0.10332681002418 -0.0583450674071496 0.118945704260883 0.232838225481074 -0.0992740793592427 0.67850892493941 0.68960616057266 0.499016122040223
1.70070934295654 -0.103288010081799 -0.0584500796286707 0.119158159164201 0.232586542607141 -0.100144568511852 0.677607238442007 0.690451298794223 0.503916444024251
1.71112751960754 -0.103249991074837 -0.0585469630669278 0.119366164341174 0.232267910337116 -0.10053886792815 0.676344430641271 0.691738219996474 0.5065299490824
1.72104382514954 -0.103218046311371 -0.0586338545908719 0.119573500803458 0.232029999817892 -0.101118532840543 0.675675727281407 0.692386765517241 0.505876572817863
1.73116564750671 -0.103187912561704 -0.0587110721740795 0.119776222786238 0.2318161054146 -0.100907405622605 0.674506755953479 0.693627872085628 0.505549884685594
1.74138712882996 -0.103160880538571 -0.0587711690140523 0.119981272772043 0.231503149763987 -0.101105498647832 0.674063972309471 0.694133799081202 0.506366605016266
1.75139951705933 -0.103135734576398 -0.0588197355098016 0.120183065036758 0.231060912645463 -0.101619209310346 0.674136712022113 0.694135494302518 0.508000045677608
1.76120829582214 -0.103113565239817 -0.058861294135378 0.12037755829806 0.23081608733536 -0.101783545095504 0.673595815706053 0.694717727453592 0.510123518537354
1.77128553390503 -0.103094045808784 -0.0589001401280145 0.120573142120844 0.23068264438901 -0.10146142395394 0.672362067388143 0.696003123099656 0.51339039986004
1.78111743927002 -0.103077736593411 -0.0589275547749449 0.120766177710556 0.230318320997241 -0.101034467829972 0.670992250405268 0.697506205864435 0.516003904918188
1.79143929481506 -0.103069922313478 -0.0589411959133819 0.120960059688683 0.2301460893992 -0.101046792418416 0.670047635088797 0.698468675022807 0.519270786240874
1.80163955688477 -0.103067740563981 -0.0589443068588545 0.121145133767337 0.230113042198752 -0.101276836762391 0.668936398109337 0.699510604229805 0.523681076026499
1.81152772903442 -0.103063494482301 -0.0589423725957083 0.121327051943893 0.229952826569785 -0.101099481712356 0.667262272741705 0.701185889565409 0.529398118341199
1.82164072990417 -0.103058700649056 -0.0589283950931558 0.121516283752855 0.229830791283472 -0.101429237466054 0.666309869206026 0.702083382059223 0.533971752192959
1.8316171169281 -0.103049030580608 -0.0588857062262729 0.121713271951651 0.229237713295487 -0.102107052418087 0.666533599802615 0.701966652330233 0.534951816589765
1.8416121006012 -0.103039961571293 -0.0588361108782346 0.121911885609813 0.228966098907491 -0.101792076035335 0.666161725881365 0.702453880178807 0.534951816589765
1.85185098648071 -0.103039057145185 -0.0587766487975189 0.122105491909593 0.228691035194754 -0.101016910712784 0.665393470840619 0.703382913592782 0.535278504722033
1.86203098297119 -0.103040081976846 -0.0587015336658182 0.122296127601986 0.228225943213884 -0.100747278196595 0.665341544129282 0.703621726807646 0.536421913184973
1.87208914756775 -0.103042180060062 -0.0586200246992469 0.122486554063622 0.227839267825872 -0.100090694359109 0.66482401678159 0.704329573175566 0.537401977581779
1.88201570510864 -0.103041871103455 -0.0585421526264141 0.122667677497493 0.227575594876168 -0.0997840238547062 0.664534756766654 0.704731192902093 0.538055353846316
1.8919882774353 -0.103034261344992 -0.0584565799671043 0.122862691719172 0.227201853751827 -0.0997584979865545 0.664686772953187 0.704712035935445 0.538382041978584
1.90205979347229 -0.103014994490343 -0.0583759967513025 0.123070079296541 0.226920127921416 -0.099204348697838 0.664167497912706 0.705370319378368 0.538545386044719
1.91197896003723 -0.102989239478362 -0.0582994803398627 0.123275333736032 0.226762931962541 -0.0987693794849737 0.663723533538228 0.705899605745345 0.538872074176987
1.92233800888062 -0.102962920512339 -0.0582108982994046 0.123491224836885 0.226457032712156 -0.0986433131523183 0.663720560426574 0.70601821985879 0.539688794507659
1.93223738670349 -0.102941489621096 -0.058128818295808 0.123686288934323 0.22606125244025 -0.098065791989766 0.663068713660681 0.706837528397393 0.539035418243122
1.94225072860718 -0.102927188555658 -0.0580360739577706 0.123874142542561 0.225808691659181 -0.0978451860044295 0.662820294385349 0.707181738803999 0.538545386044719
1.95221710205078 -0.102913536637072 -0.0579395865196293 0.12405396921228 0.225507120695907 -0.0981074699641088 0.663253352845913 0.706835520323744 0.53936210637539
1.9627788066864 -0.102898363712544 -0.0578321728501389 0.124241201647559 0.225126636767001 -0.0984726304358942 0.663935404329769 0.706265472291037 0.539688794507659
1.97271299362183 -0.102878083883979 -0.0577320766822691 0.12442089760745 0.22462401500844 -0.098545108303078 0.66435532037221 0.706020482567016 0.53936210637539
1.9827561378479 -0.102853831939825 -0.0576375850787399 0.124602664607383 0.224249971031508 -0.09778349130477 0.663700447222122 0.706860704578896 0.53936210637539
1.99299693107605 -0.102828386116386 -0.0575474181793454 0.124785884636553 0.2242576846177 -0.0969723460045273 0.662843049865251 0.707773937246646 0.53936210637539
2.00272226333618 -0.10280351700605 -0.0574605181950482 0.124955575675911 0.224231311962725 -0.0963690436557004 0.662071026602754 0.708586820293418 0.540015482639927
2.01291942596436 -0.10277501505349 -0.0573642300197939 0.12513241677138 0.223818014806558 -0.0963781549875932 0.66194150500996 0.708837210813871 0.540832202970599
2.02305698394775 -0.102749412564273 -0.0572581947926569 0.125300422059863 0.223453661038693 -0.0969776218146288 0.662587434650857 0.708266682598003 0.54050551483833
2.03306674957275 -0.102725951348313 -0.0571536132269705 0.12546021267285 0.223328053447818 -0.0973708772791042 0.663072617618881 0.707798132637514 0.54050551483833
2.04302215576172 -0.102704802010986 -0.0570437148047825 0.125618627055338 0.223257090373264 -0.0974080541479965 0.663266266405156 0.707633946637758 0.54050551483833
2.05325889587402 -0.102688846865246 -0.0569288786327558 0.125777170946954 0.223254359933992 -0.096788952070927 0.662587436414169 0.708355333595771 0.540015482639927
2.06380867958069 -0.102675340018419 -0.0568010953422414 0.125932880128682 0.223118706769736 -0.0964044092244294 0.662107794245937 0.708898794871503 0.540178826706062
2.07369804382324 -0.10266788793903 -0.0566687224983763 0.126069102006039 0.223244487416079 -0.0966591152858024 0.66239429966929 0.708556776861339 0.541158891102867
2.08373332023621 -0.102664136142809 -0.0565327169452374 0.126195082209561 0.224036308399975 -0.0970956218924628 0.662992181909649 0.707687458878925 0.541322235169001
2.09388494491577 -0.102656890391488 -0.0563904058049008 0.126326534903108 0.224326275332203 -0.0972446694337099 0.663275446695741 0.707309605669875 0.541158891102867
2.10371065139771 -0.102649696974888 -0.0562312771300629 0.12646780638801 0.223812320427386 -0.0972051333383568 0.663391665710977 0.707368860738721 0.542302299565807
2.11360597610474 -0.102643196600829 -0.0560861048377492 0.126604834621702 0.224023474821204 -0.096623209949334 0.662528784525993 0.708189979950741 0.54393574022715
2.12392711639404 -0.102630285938589 -0.0559464601601297 0.126749987764894 0.225264473161246 -0.096331638587987 0.661793354583773 0.708523597607797 0.546059213086896
2.13391447067261 -0.102617856451549 -0.0557988329458751 0.126891496609315 0.22590521308777 -0.0967120200878391 0.662017142659698 0.708058558803569 0.548182685946641
2.14407444000244 -0.102609934352888 -0.0556398097790701 0.127035125429666 0.226178464656912 -0.0970278812294015 0.66249486008122 0.707481061764582 0.548999406277313
2.15433311462402 -0.102606043992719 -0.0554720008884079 0.127177622827216 0.225959730530642 -0.0969029041087321 0.662826532323285 0.707257389782605 0.548836062211178
2.16427159309387 -0.102600593046909 -0.0553150704748925 0.127307876806575 0.226186933464155 -0.0967060433380743 0.662947207736957 0.707098587232183 0.54850937407891
2.17447352409363 -0.102591238958116 -0.0551644040447071 0.12744026396319 0.226864831427368 -0.0966128568439702 0.663220560094946 0.70663766728163 0.548672718145044
2.18434762954712 -0.10258365630752 -0.0550249445284512 0.127568852975854 0.227679481806297 -0.0963585062510475 0.663437692169698 0.706206429060249 0.550959535070924
2.19446539878845 -0.102571585180415 -0.0548881962111536 0.127703561283174 0.228003101493329 -0.0959819436185998 0.663525538870681 0.706070755289434 0.555206480790415
2.20442700386047 -0.102555466624495 -0.0547726228086188 0.127837899212534 0.22836355928444 -0.0956371341414828 0.663583220289543 0.705946834481398 0.558473362113101
2.21434688568115 -0.10254242625361 -0.054674901118073 0.127964352558115 0.229192056779923 -0.095501495877619 0.663732131195908 0.705556605391987 0.561250211237384
2.22494053840637 -0.102534563667542 -0.0545855926313591 0.128089422973708 0.22977050376462 -0.0956980985344625 0.663978297107908 0.705110069780828 0.563700372229398
2.23488426208496 -0.102525401385025 -0.0545259482148273 0.128204163362953 0.230100647985422 -0.095876196221304 0.663865944937693 0.705084004886515 0.56533381289074
2.24509286880493 -0.102516128656386 -0.0544904028576036 0.128315004419139 0.230601267416704 -0.0963368581510639 0.663819864175303 0.7049010236577 0.566313877287546
2.25463485717773 -0.102501572261571 -0.0544818267903696 0.128419070697512 0.230821728779184 -0.097007414389654 0.663671300992638 0.704876794422658 0.566967253552083
2.26467156410217 -0.102477171271578 -0.0545042990041587 0.128536082843775 0.231287516301476 -0.0977530868917654 0.663306357028847 0.704964605871348 0.567783973882755
2.274982213974 -0.102445646735888 -0.0545563310158943 0.128661212248336 0.231487418190778 -0.0985391261652869 0.662830174126819 0.705237389891489 0.569417414544097
2.2847638130188 -0.102414453794161 -0.0546192727838329 0.128779943687084 0.231152563881134 -0.0992752017086619 0.662564896394094 0.70549322080596 0.57219426366838
2.29491400718689 -0.102380166327622 -0.0546956296064336 0.128905078484044 0.230533911092718 -0.100085709507043 0.662449356236628 0.705689603870175 0.5756244890572
2.30565929412842 -0.102338810131577 -0.054815269648337 0.129028828820568 0.230771915839904 -0.101107794728473 0.662194920429059 0.705704912879794 0.579871434776691
2.31556415557861 -0.102303111529099 -0.0549513197488776 0.129138187903511 0.23175882366125 -0.102084950428481 0.661792060925766 0.705618720448087 0.584445068628451
2.3256049156189 -0.102267848740732 -0.0550977046909157 0.129260879680698 0.231531195469572 -0.10311668757954 0.661418663673204 0.705893480357913 0.589182046546345
2.33591437339783 -0.10222124338799 -0.0552607651102577 0.129398673784206 0.231202615105478 -0.104202174682111 0.660958853348759 0.706272363709498 0.593755680398105
2.34531784057617 -0.102178524781964 -0.0554315145347023 0.129527971790574 0.23160585107737 -0.105435900885186 0.660618973093419 0.706275139687256 0.598492658315999
2.35599660873413 -0.10213427708176 -0.055634749376258 0.129676356320424 0.231820117765557 -0.106850652812517 0.660155088710738 0.706425954960617 0.604536388762967
2.36546540260315 -0.102097243041358 -0.0558115894943162 0.129808763724172 0.231288460727358 -0.108021362662853 0.659805250834485 0.706748939945489 0.609763398879264
2.37533783912659 -0.102059352744933 -0.0559987774672579 0.129946618135439 0.230714910597908 -0.109178932875993 0.659566344700166 0.706981490268819 0.61417368866489
2.38597106933594 -0.102025577534446 -0.0562032006674652 0.130088550760088 0.23032235749142 -0.110358009672707 0.659434033846451 0.70704984007188 0.617930602185978
2.39623975753784 -0.101998953638817 -0.0563966920267079 0.130221517420977 0.230065145565309 -0.111172916516391 0.659175663413567 0.707246814197516 0.619727386913455
2.40576505661011 -0.101974485296345 -0.0565777061574247 0.130342651455632 0.229814697781617 -0.111811405232728 0.6589179648432 0.707467688272986 0.621197483508664
2.4158091545105 -0.101945313006474 -0.0567678681179141 0.130480144975809 0.229323524736967 -0.112680735178049 0.658618068847683 0.707768332372462 0.627241213955632
2.42586135864258 -0.101918006390127 -0.0569645483090035 0.130623617863031 0.228836744560485 -0.112704438981483 0.657215280394679 0.709224596999126 0.636388481659152
2.43624520301819 -0.101893681432898 -0.0571761027773365 0.130770521176199 0.228960964538496 -0.11200614165676 0.654609268852412 0.71170092460336 0.644555684965866
2.44642853736877 -0.101870449069622 -0.0573745964516787 0.130911181626964 0.228982603747625 -0.112505987931327 0.653407359872172 0.712718872996522 0.649456006949894
2.45646667480469 -0.101850184312512 -0.0575466342340478 0.131045206022451 0.228481232746186 -0.113184334416429 0.65293396682831 0.713206048549324 0.65500970519846
2.46679711341858 -0.101836623053942 -0.0577148794418155 0.131177186361555 0.227887687224967 -0.113007982095712 0.651758789769382 0.714497640270604 0.663176908505174
2.47636270523071 -0.10183030226881 -0.0578558213967801 0.13129385517386 0.227736072393719 -0.112793634521696 0.651006451811428 0.715265319333997 0.671997488076425
2.48625493049622 -0.101825247727266 -0.0579899219264072 0.131409846651242 0.227793287141695 -0.11279486336611 0.650898047990316 0.71534555863149 0.68326822863969
2.49692726135254 -0.101816431314255 -0.0581140467346531 0.131541676559926 0.227599963138847 -0.112900346275807 0.651004836103045 0.715293276887492 0.697642506459507
2.50627279281616 -0.101807184535837 -0.058209096883842 0.131658904191933 0.226970480016214 -0.113043949428499 0.651054487994059 0.715425412158116 0.710873375816383
2.51677775382996 -0.101798911616429 -0.0583100707994557 0.131792437693501 0.226534210684582 -0.113086129459357 0.650908748712786 0.715689583243022 0.722634148578051
2.5268018245697 -0.101793455474633 -0.0583961838055782 0.131911481188956 0.22633887753767 -0.112886691613772 0.650441469846879 0.716207512998095 0.730638007818631
2.53658890724182 -0.101795254756382 -0.0584699443956631 0.132029540607205 0.225697949611713 -0.111987424591967 0.649211627901756 0.71766532204885 0.732761480678377
2.54613518714905 -0.101802951852141 -0.0585329763187507 0.13213400061746 0.225390760654352 -0.111272463217899 0.648227680903333 0.718761655663239 0.733088168810645
2.55715656280518 -0.101812712665234 -0.0585936271146096 0.132253200485346 0.22547859758637 -0.111600556831612 0.648489360207568 0.718447122231649 0.734558265405854
2.56672525405884 -0.101822203244174 -0.0586427494641826 0.132354784372265 0.225603255838868 -0.112023490085575 0.648778124566315 0.718081369837823 0.735538329802659
2.57691264152527 -0.101832995380227 -0.0586894596882721 0.132467127429941 0.225424522502892 -0.112131615750657 0.648693521185999 0.718197048848574 0.735865017934928
2.58682203292847 -0.101847715802427 -0.0587315525571337 0.132572395102666 0.225186204382893 -0.112359679140155 0.648656049562549 0.718270008579681 0.736355050133331
2.59719085693359 -0.101860401243302 -0.0587725471371393 0.132685158303729 0.224673586126562 -0.112752311352809 0.648528552478452 0.718484107410758 0.738151834860808
2.60726428031921 -0.101871563692642 -0.0588146283947551 0.132794356878123 0.224104355393255 -0.11334604026422 0.648401623371993 0.718682995387229 0.743868877175508
2.61681532859802 -0.101882546852498 -0.0588628092323281 0.132896045814996 0.223952866033162 -0.114165346131382 0.648192586059693 0.718789092095506 0.752036080482222
2.62737846374512 -0.101889994979912 -0.0589224013600891 0.133015673423427 0.223730724415998 -0.115203480275333 0.648072223891556 0.718801164234587 0.75922321939213
2.63713574409485 -0.101895516555712 -0.0589814350266342 0.133131947956747 0.223591876298321 -0.116241158503324 0.647828831025152 0.71889670441294 0.764123541376158
2.64749383926392 -0.101902748686783 -0.0590540565055281 0.133256028936562 0.223831153722766 -0.117330812430223 0.647426719380632 0.719007467353178 0.768860519294053
2.65739274024963 -0.101906003288511 -0.0591287763298043 0.133388115983304 0.224065184217011 -0.118492165075692 0.64707817842434 0.719057877395491 0.770493959955395
2.6677417755127 -0.101908235698309 -0.0592060956319829 0.133528662558546 0.224297136440805 -0.119580817890812 0.646770083904985 0.719082527351734 0.770330615889261
2.67791128158569 -0.101915356262044 -0.0592770654539586 0.133667409240981 0.224384310019286 -0.120568406066014 0.64647388614295 0.719156766922972 0.770493959955395
2.68778944015503 -0.101924476739587 -0.0593438881618006 0.133806175865325 0.224468452205615 -0.121687885620249 0.646383442165824 0.719023238950974 0.771637368418335
2.69768953323364 -0.101933429051558 -0.0594152605888457 0.13394435454597 0.225384358778535 -0.122791543464142 0.646204894350357 0.718709511686972 0.772454088749006
2.70727205276489 -0.101943824359988 -0.0594795450240981 0.134083412838392 0.226003204159803 -0.123784167877979 0.645815941028706 0.718694512157611 0.772454088749007
2.71739149093628 -0.1019557316964 -0.0595387244576572 0.134236402539473 0.226133698504176 -0.125041496151065 0.645441910145038 0.718771810291313 0.773434153145812
2.72791194915771 -0.101966839716369 -0.0596004624006468 0.134399789093172 0.226883442919927 -0.126524474497051 0.645194800026 0.718497829294881 0.778007786997572
2.737788438797 -0.10198515034006 -0.0596533937843351 0.134553647955802 0.227342825030307 -0.127756454864788 0.644627188123773 0.71864408192043 0.783724829312272
2.74781107902527 -0.102004246295155 -0.0597035395694371 0.134712067105364 0.228128482257099 -0.128755562815478 0.643988845600167 0.718789097976385 0.788298463164032
2.75790596008301 -0.102020477032671 -0.0597488831589766 0.134875940993932 0.229239924318102 -0.129510793354633 0.64366164207658 0.718592862490691 0.790258591957643
2.7680025100708 -0.102034336747611 -0.059781342698001 0.135051220246879 0.229742693658475 -0.130042585506705 0.643670416657451 0.718328347892037 0.789931903825374
2.77807116508484 -0.102046709247102 -0.0598132679550278 0.135239140675033 0.230285378623184 -0.130100471046597 0.643380626388808 0.718403703646756 0.789605215693106
2.78846597671509 -0.102059447813905 -0.0598545542607079 0.135435820887958 0.231491954596086 -0.129390104751113 0.642098716197631 0.719290563268513 0.79091196822218
2.79838132858276 -0.102071365522196 -0.0598906613558234 0.13562313734626 0.232648742708626 -0.128928724958206 0.641343965402019 0.719673442916411 0.794178849544866
2.80798745155334 -0.102080909006628 -0.0599141644229305 0.135806035994759 0.233120206937056 -0.129311536370779 0.641452699986539 0.719355217788146 0.798262451198223
2.81828117370605 -0.102090388157822 -0.059940244218259 0.136000291731702 0.233069168534149 -0.129730715191798 0.641436558951362 0.71931067353075 0.801692676587042
2.828444480896 -0.102104483318305 -0.0599621159253311 0.13618016836935 0.233332752724625 -0.129949920696349 0.641243164428654 0.719358080993387 0.803162773182251
2.83821582794189 -0.102118651102207 -0.0599922532501913 0.136346817656541 0.234130637306289 -0.130157866014273 0.641063291108545 0.719221545410204 0.803979493512922
2.84887290000916 -0.102128391321432 -0.0600248157527325 0.136536370042669 0.234127112927976 -0.13041998226522 0.640935286523935 0.71928928930329 0.804959557909728
2.85857796669006 -0.102136606765216 -0.06005452055803 0.136705294565172 0.233839501474856 -0.130658026558283 0.641006585220685 0.719276112038766 0.805286246041997
2.86870360374451 -0.102143376102466 -0.0600908115991002 0.13688543916924 0.233603296941477 -0.130787854016012 0.641030855113916 0.719307639116866 0.805449590108131
2.87862610816956 -0.102152528942824 -0.0601322528750593 0.137053361724168 0.23322199316716 -0.130933932811294 0.640999633928443 0.719432607299188 0.805286246041997
2.88884520530701 -0.102163780407625 -0.0601826585737949 0.13721734150255 0.232716943205488 -0.130940795034638 0.640809829954343 0.719763915721452 0.805286246041997
2.89867615699768 -0.10217523314792 -0.0602329971273599 0.137371275249697 0.232287015385312 -0.131029706839959 0.640732780734513 0.719955180619625 0.805286246041997
2.90898466110229 -0.102192140179639 -0.0602902286730305 0.137517023735251 0.232063022342977 -0.131247657515234 0.640699176812078 0.720017618458141 0.805122901975862
2.91910028457642 -0.102208127320947 -0.060350829473359 0.137650438107286 0.231924331166485 -0.131481109829906 0.640720032230421 0.720001154630687 0.805122901975862
2.92918157577515 -0.102220803284874 -0.0604128675567352 0.137787561378383 0.231699082480925 -0.131652410591574 0.640618772576861 0.720132464332112 0.805286246041997
2.93913078308105 -0.102234129188419 -0.0604714039678049 0.137916756123064 0.231341571101069 -0.131867629709889 0.640534990779447 0.72028253574716 0.805449590108131
2.9491012096405 -0.10224607101879 -0.0605307722692755 0.138044549147099 0.230960088216659 -0.132176726061288 0.640497587803682 0.720381559145108 0.806266310438802
2.95916819572449 -0.102253511341023 -0.0605906566203192 0.138177309168715 0.230666453244714 -0.132402733242773 0.640478847127792 0.72045079634851 0.806592998571071
2.96969676017761 -0.102260229067727 -0.0606487434588963 0.138310032103428 0.230511914691094 -0.132571662153312 0.640447000179347 0.720497502799718 0.806592998571071
2.97972321510315 -0.102261746517992 -0.0607009265972225 0.138443568075063 0.230275247221164 -0.132722379623082 0.640451975081132 0.720541010685093 0.806592998571071
2.98958826065063 -0.10226378646584 -0.0607434937943867 0.138575424737793 0.229865450835845 -0.132857257823488 0.640522860798124 0.720583991183986 0.806919686703339
2.99989366531372 -0.102263429268376 -0.0607805286647496 0.138709395382352 0.229618296900899 -0.1329008334608 0.640592695953057 0.720592675570151 0.8057762782404
3.00967121124268 -0.102257008353591 -0.0608108619354486 0.138846780883705 0.229359265696053 -0.13300263292564 0.640632202900992 0.720621264937719 0.805122901975862
3.01984548568726 -0.102246667621492 -0.0608389159883903 0.138989359649216 0.229013635290602 -0.13309648781481 0.640704570391284 0.720649521794101 0.805122901975862
3.02976417541504 -0.102231232276291 -0.0608537386457756 0.139134104972863 0.228655078237627 -0.133160446714763 0.640797818437971 0.720668652372231 0.805122901975862
3.03996849060059 -0.102209875925636 -0.0608609693264525 0.139299834654315 0.228290690537009 -0.133184824421593 0.640916952829465 0.720673728349881 0.804959557909728
3.0498263835907 -0.102193267348363 -0.0608631922509069 0.139452011496746 0.228097610541569 -0.133202054251204 0.640983243350024 0.720672723608276 0.805122901975862
3.06013035774231 -0.102174705251138 -0.0608510957642397 0.139609525677461 0.227717480017463 -0.133194732445567 0.641125108595565 0.720668098136427 0.805286246041997
3.06990504264832 -0.102153439193274 -0.0608273747362319 0.139775437658186 0.227260754656114 -0.133141110174934 0.641318973642447 0.720649684812752 0.805612934174265
3.0802104473114 -0.102133444872123 -0.0608047162451575 0.139944539945467 0.227137315737901 -0.133004475818451 0.641544843074836 0.720512778190453 0.8057762782404
3.09022092819214 -0.102112649532213 -0.0607736972873136 0.140119725729891 0.227251773230679 -0.132766844295116 0.641844124322396 0.720253925148795 0.805449590108131
3.09996604919434 -0.102090665432447 -0.0607397285568755 0.140296682983125 0.227210077067859 -0.132385549723407 0.641811646669771 0.720366196668255 0.805939622306534
3.11017084121704 -0.102067522378489 -0.0607018365132672 0.140490934428736 0.226695641532145 -0.131505349058934 0.640918354098204 0.721483951768344 0.806429654504937
3.12031221389771 -0.102049020801255 -0.0606572207329696 0.140679465245019 0.226493186576383 -0.131094024938555 0.640677211235946 0.721836480141325 0.806266310438802
3.13035273551941 -0.102035074973724 -0.0606063029780992 0.140857902509659 0.226855456349969 -0.131079308642948 0.640955405624119 0.721478332849404 0.805939622306534
3.14010643959045 -0.102024894581969 -0.0605541516559275 0.141033175452655 0.226878839398918 -0.13087859364476 0.640985142120882 0.721481000123248 0.806429654504937
3.15053701400757 -0.102026528838919 -0.0604916731345994 0.141217334795307 0.226415412100848 -0.129982905267873 0.639991148351323 0.722669935401551 0.806429654504937
3.16030311584473 -0.10203305848987 -0.0604370935277518 0.141378571131786 0.226783723717294 -0.129510194974765 0.639600015012648 0.722985527414164 0.8057762782404
3.17112421989441 -0.10203883962062 -0.0603678231804644 0.141565359258711 0.226776862766735 -0.129484460331034 0.63991493315918 0.722713572147598 0.805612934174265
3.18064856529236 -0.102049985104486 -0.0603143175293242 0.141727885520865 0.227033487579203 -0.129107712758961 0.639691941256232 0.722897789674036 0.805939622306534
3.19055151939392 -0.102070924299144 -0.0602669686820079 0.141890633910923 0.227761837572498 -0.128302093189866 0.638725781076043 0.723666010544572 0.805122901975862
3.20101833343506 -0.102095028828987 -0.060208057749169 0.142059620882047 0.227641580713861 -0.128099060296898 0.638528335351864 0.723914018674817 0.804796213843594
3.21070146560669 -0.102115167280795 -0.0601520347697639 0.142219156907832 0.227284580111621 -0.128167363220696 0.638808745024135 0.72376669854949 0.80463286977746
3.2211229801178 -0.102140362729787 -0.0600922065229659 0.142386964722175 0.226842525192318 -0.128293254736265 0.639085090343379 0.723639106775154 0.804796213843594
3.23110890388489 -0.102172009938065 -0.0600398659289856 0.142546770378461 0.226194280378171 -0.127628670948366 0.638202975086633 0.724737216145774 0.805286246041997
3.24121284484863 -0.10220409430332 -0.0599939302031584 0.142705166226748 0.225720285129479 -0.126773309947 0.63709162061427 0.72601180962105 0.805612934174265
3.25116086006165 -0.102238852117527 -0.0599531203909216 0.142850985763441 0.22597765208111 -0.126087874935992 0.635927630660182 0.727070833631058 0.805122901975862
3.26075029373169 -0.102270695811672 -0.0599092371504755 0.142982616706805 0.226207523241681 -0.12594490222442 0.635766935831909 0.727164659025348 0.804796213843594
3.27116847038269 -0.102302938922931 -0.0598566389841623 0.143126042803272 0.226084187632216 -0.126253332669994 0.636209545567614 0.726762306549432 0.804306181645191
3.28118109703064 -0.102336300543547 -0.059802073376215 0.143254598698467 0.225870455127424 -0.126442493535633 0.636560339754702 0.726488655919967 0.804306181645191
3.29119634628296 -0.102367048878966 -0.05974666986961 0.143381878730326 0.225463927831231 -0.126456875590448 0.636698343949681 0.72649149662921 0.804306181645191
3.30099558830261 -0.10239129438469 -0.0596952995858849 0.143509309237631 0.225124018556319 -0.126562058327722 0.6368560330396 0.726440372530305 0.804306181645191
3.31171107292175 -0.102409946500719 -0.0596426325292885 0.143649408632625 0.225199268396067 -0.126632489784952 0.637180200090083 0.726120440875963 0.804306181645191
3.32168745994568 -0.1024181966316 -0.0595982471383946 0.143785529353464 0.225367544940745 -0.126645230622872 0.637505001911608 0.72578084005128 0.80463286977746
3.33151292800903 -0.102426007542107 -0.0595487628745126 0.143918405745297 0.225301648570898 -0.126381712060772 0.637409614674587 0.725930997497847 0.804796213843594
3.34135580062866 -0.102437412898088 -0.0595030881857165 0.144046006344562 0.225132870547234 -0.125509565421914 0.636296751683215 0.727110021512669 0.803979493512922
3.35158729553223 -0.102444070141768 -0.0594461781679019 0.144167479898257 0.225042110334437 -0.125063695899226 0.635938717216164 0.727528053403928 0.80348946131452
3.36162304878235 -0.102444831373272 -0.0593862950247097 0.144276996012086 0.224992476890188 -0.125102741430945 0.636314861002207 0.727207733111401 0.80234605285158
3.37187480926514 -0.102441140854689 -0.0593214948648214 0.144383523263362 0.225087099753875 -0.125276078798272 0.63684754696621 0.726682120000513 0.801039300322505
3.3818302154541 -0.102435575150516 -0.0592555613387221 0.144484485376246 0.224964370388571 -0.125300935548741 0.63715994576945 0.726441953024022 0.800549268124103
3.39178276062012 -0.102423134233962 -0.0591885587013887 0.144591078555131 0.224752133522179 -0.125527963566975 0.637572604366445 0.726106316596506 0.800875956256371
3.40172576904297 -0.102407387989697 -0.0591230558453906 0.144701625502064 0.224253584860436 -0.125732928425391 0.637810055046034 0.726016455783885 0.800549268124103
3.41173100471497 -0.102385831787808 -0.0590648114928313 0.144814307090459 0.224017377215256 -0.125607776891423 0.637685582377204 0.726220351627685 0.800385924057968
3.42195296287537 -0.102364328825745 -0.0590121116069648 0.144937913009701 0.223881182489998 -0.124765866102437 0.636448850567019 0.727491275132912 0.800385924057968
3.43191480636597 -0.102334891324187 -0.0589606470336624 0.145055037417229 0.223793426454074 -0.124469189049973 0.636094324838354 0.727879064928801 0.800549268124103
3.44179773330688 -0.102302731789871 -0.0589108587685277 0.14517370316177 0.223699087268207 -0.124631758325773 0.636412111745465 0.727602410108485 0.801039300322505
3.4519739151001 -0.102269730370053 -0.0588602913277923 0.145293979778289 0.223551040981425 -0.124765037916276 0.636762806523936 0.727318187327687 0.801039300322505
3.46200108528137 -0.102237263078648 -0.0588124253307021 0.145410166452463 0.223264754646903 -0.124897544696802 0.636971860527829 0.727200317352025 0.800549268124103
3.47260689735413 -0.102203511221818 -0.0587671841041659 0.145532609669305 0.222944463920223 -0.125128289256246 0.637229802815868 0.727032912348801 0.799405859661163
3.48248147964478 -0.102171479950836 -0.0587324524726425 0.145653834272621 0.222527632267575 -0.12520208461593 0.637327448661809 0.72706231787065 0.797935763065954
3.49206876754761 -0.10214456133665 -0.0587000939552249 0.14577365164672 0.222389935025464 -0.1252528585264 0.637443124537186 0.726994292419552 0.79662901053688
3.50237083435059 -0.102117259475713 -0.0586778647524682 0.145902259278518 0.222341478327467 -0.125379628583319 0.637673830555733 0.726784907366577 0.796138978338477
3.51256847381592 -0.102087774680355 -0.0586624888826368 0.146038671769161 0.222041400578334 -0.125660476605731 0.637990408479817 0.726550273371491 0.796955698669149
3.52243256568909 -0.102058658851026 -0.0586615451276946 0.146182116404165 0.222048555899996 -0.12541831310051 0.637300423096345 0.727195198198509 0.797609074933686
3.53255891799927 -0.102034901021304 -0.0586753910348182 0.146335776603194 0.222007932520521 -0.124863864966464 0.636059490622112 0.728388507263219 0.797119042735283
3.54252910614014 -0.10201716002012 -0.0586933064391488 0.146493699384082 0.221785003582636 -0.124473474159661 0.634876319085018 0.729554539346808 0.79662901053688
3.55273818969727 -0.101997085613003 -0.0587135515981221 0.146659213086812 0.221621714352161 -0.124624723106277 0.634299643945876 0.730079759895059 0.796302322404611
3.56329441070557 -0.101979599080728 -0.0587283907332484 0.14682639677652 0.221265940512847 -0.125304002869082 0.634416523854014 0.729969838209045 0.793852161412597
3.57321381568909 -0.101970701510781 -0.0587432818487449 0.146983656236369 0.220757941313652 -0.12584359469611 0.634565243439563 0.729901550100702 0.791728688552852
3.58293461799622 -0.101964840417359 -0.0587530763039308 0.147140000989627 0.220478849199049 -0.126038432010817 0.634649322110738 0.729879187712938 0.791238656354449
3.59352040290833 -0.101963257999423 -0.0587636211865358 0.147301843718015 0.220297434792683 -0.126152547281045 0.634656160994705 0.72990830406958 0.791075312288314
3.60335516929626 -0.101964203479679 -0.0587642199479331 0.147464908560959 0.219934238074643 -0.126185273093128 0.634672605834795 0.729997870667997 0.791075312288314
3.61354112625122 -0.10196254982765 -0.0587652249778633 0.147633935274433 0.21964839260645 -0.126151840080143 0.634609257861079 0.730144771060375 0.791238656354449
3.62273168563843 -0.101966281014551 -0.0587745242509567 0.147787819941484 0.219804288075245 -0.125621156704173 0.633665299693454 0.731008678400226 0.791892032618986
3.63328266143799 -0.101982632641038 -0.0587783468741162 0.147955446178014 0.220150780442696 -0.125236164671421 0.633047502783428 0.731505568091269 0.793035441081926
3.64287996292114 -0.101996414042945 -0.058776664841573 0.148107085555937 0.220488369933645 -0.125057704559818 0.632594642211059 0.731826118623882 0.793525473280329
3.65330481529236 -0.102018429357166 -0.0587748296172025 0.148252039223196 0.221297574611988 -0.124663979756372 0.63156087426921 0.732541560400818 0.794015505478731
3.66359829902649 -0.102040102711891 -0.058763681678002 0.148385704868114 0.221711457603279 -0.124625932339715 0.631100059716923 0.732819978699532 0.793852161412597
3.67365860939026 -0.102051146209235 -0.0587398499476289 0.14853268529595 0.221779061563452 -0.125114554439819 0.631658734092002 0.732234688992982 0.793362129214194
3.68352770805359 -0.102057497035196 -0.0587110593805877 0.148672493238369 0.221546610516159 -0.12537881464989 0.63196898016447 0.731992117659521 0.792872097015791
3.6936616897583 -0.102054839975445 -0.0586838299043046 0.14882202311364 0.221226482916947 -0.12544869965561 0.632043021431832 0.732013036817129 0.792872097015792
3.70358443260193 -0.102057541258856 -0.0586519335517108 0.148960510760955 0.220819628855971 -0.12539434264414 0.631934375941761 0.732238960208928 0.79319878514806
3.71391272544861 -0.102059661212439 -0.0586226449029627 0.149093286894433 0.221190457445572 -0.125070054231569 0.631366326242358 0.73267238596576 0.792708752949657
3.72384977340698 -0.102062770527325 -0.058606625133973 0.149215818517318 0.221947610819387 -0.124384523172258 0.629953163691758 0.733775687796701 0.792218720751254
3.73390221595764 -0.102066625620343 -0.0585822887266784 0.149328048957243 0.221994412315793 -0.124047669827058 0.629025735494674 0.734613694805935 0.791565344486717
3.74416422843933 -0.102066472709146 -0.0585529799946842 0.149452435752306 0.221584070851878 -0.123651428260562 0.628177350485636 0.73552976837833 0.79091196822218
3.75396299362183 -0.102064491353079 -0.0585239628101027 0.149570115637097 0.221189973906799 -0.123612424524062 0.628052711028918 0.735761344537493 0.790748624156046
3.76417827606201 -0.102060848077447 -0.0584927344655188 0.149677744355382 0.220899896927565 -0.124140154130295 0.628509908171453 0.735369127037714 0.789115183494703
3.77455711364746 -0.102057535489642 -0.0584661528322571 0.149786695130947 0.220545727113484 -0.124480028343915 0.628626299239156 0.735318489295873 0.786828366568823
3.78419256210327 -0.102056622460773 -0.0584438942330214 0.149882752010923 0.220282053869219 -0.124628601183024 0.628726982968483 0.735286277172143 0.786174990304286
3.79426622390747 -0.102052342458197 -0.0584272937666315 0.149986809836636 0.220212434925391 -0.124698174158166 0.628719885840496 0.735301403517335 0.786174990304286
3.80460691452026 -0.102065393810443 -0.0584109528790042 0.150068595720724 0.22033502490711 -0.124648828407106 0.628442221906256 0.735510380689115 0.78633833437042
3.81468725204468 -0.102084220395806 -0.0584037163638034 0.150149380740688 0.220398299076666 -0.124183755935155 0.627299538363515 0.736544821239598 0.786665022502689
3.82487869262695 -0.102095946599075 -0.0583943717689135 0.150229439777487 0.220333111400023 -0.12398314106057 0.626790286335819 0.737031503877957 0.786828366568823
3.83439922332764 -0.102103193957372 -0.0583818494017671 0.150294345712864 0.220207647603266 -0.124395379741344 0.627165134244509 0.736680579236422 0.786174990304286
3.84454441070557 -0.10210963814639 -0.0583735433114837 0.150376593506843 0.22000317630245 -0.124937308043129 0.627585941578852 0.736291489430888 0.785031581841346
3.85449004173279 -0.10212206113838 -0.0583680040476526 0.150450252808177 0.219686027994774 -0.125265908716741 0.627694420665732 0.736237879684521 0.784378205576809
3.86488747596741 -0.102137090803778 -0.0583632159733381 0.150515241683537 0.219430340582761 -0.125428563170431 0.627597255845362 0.736369259018942 0.783071453047735
3.87511396408081 -0.102155811349176 -0.0583527098339814 0.150571224491075 0.219367936822378 -0.125563586780614 0.627456893257216 0.736484447271687 0.782254732717063
3.88503551483154 -0.102176658291788 -0.0583511104102784 0.150613562917609 0.220065165252522 -0.125846528734367 0.627468097972773 0.736218554693049 0.781601356452526
3.89502716064453 -0.102195955986169 -0.0583528821172994 0.15065102672449 0.221051519245725 -0.126176918121339 0.627457731220548 0.735875265723832 0.779967915791183
3.90491271018982 -0.102219035067654 -0.058344727630276 0.150690389784778 0.221113976107039 -0.126501773334292 0.627358913880533 0.735884980202785 0.776537690402364
3.91513991355896 -0.102240435606111 -0.0583307570222363 0.150728870290154 0.220605594827465 -0.126943789779541 0.627273935026488 0.736033868924259 0.770983992153798
3.9253249168396 -0.102256717632295 -0.0583241387524014 0.150755786665203 0.221034740404274 -0.127444995583537 0.62733491337223 0.735766486800931 0.76151003631801
3.93506956100464 -0.102274015288278 -0.0583287782798423 0.150768780781159 0.222537139492064 -0.12780892592146 0.626961959394025 0.735568352686749 0.744358909373911
3.94552445411682 -0.10229416137699 -0.0583362441620853 0.150776990986087 0.224162101524382 -0.127485131331568 0.625360466913303 0.736493842439651 0.717407138461755
3.95543193817139 -0.102306036412983 -0.0583285618676692 0.150786465013597 0.224415976273074 -0.12767051965636 0.624349522856906 0.737241738721047 0.688168550623718
3.96554708480835 -0.102313119938387 -0.058315035180562 0.150793411063344 0.223543287065076 -0.128885838290175 0.623747528962637 0.737804757106773 0.653539608603251
3.97543168067932 -0.102320372214164 -0.0583154477311925 0.150793127391766 0.223230026899836 -0.130069529195543 0.622432041614818 0.738802156356056 0.611396839540607
3.9855535030365 -0.102330406867268 -0.058324239831302 0.150783794153066 0.223931805129506 -0.131290894100846 0.620691411623926 0.739837427624433 0.579544746644423
3.99594235420227 -0.102339885476986 -0.0583419127252631 0.150769096584382 0.225003072208146 -0.132319037887201 0.618663590024915 0.74102675531116 0.56762062981662
